4 2.562048 1.280096 16.01024 145.33362400000001
4 11.527168 230.48442400000002 42.906624 414.232264
4 32.66048 0.0 49.31072 149.814832
4 42.266624 478.255376 72.365056 690.813224
4 47.389696 177.98566399999999 74.28608 333.56267199999996
4 60.837888 0.0 90.937344 124.20593600000001
4 83.252224 491.05982400000005 101.183488 758.6783680000001
4 90.937344 185.667984 112.069632 353.40939199999997
4 103.104512 0.0 128.079872 143.412608
4 108.867584 491.05982400000005 131.28192 746.513968
4 123.5968 172.223488 149.213184 400.786896
4 138.96704 0.0 161.380352 152.375896
4 154.97728 475.694312 179.311616 737.5506799999999
4 161.380352 170.302472 185.075712 409.750184
4 174.829568 0.0 203.006976 146.61372
4 191.479808 471.21310400000004 219.657216 740.751792
4 200.444928 181.186776 220.93824 457.76773599999996
4 220.93824 465.450928 249.755648 824.622496
4 225.421312 0.0 245.2736 119.723856