3 0.032813 0.765625 0.065625 0.272916
3 0.039843 0.463541 0.079687 0.189583
3 0.064844 0.201042 0.129688 0.147917
3 0.039844 0.115625 0.076562 0.139584
3 0.129688 0.869792 0.171875 0.256250
3 0.136719 0.281250 0.151562 0.250000
3 0.139063 0.589583 0.100001 0.300000
3 0.162500 0.051041 0.078124 0.102083
3 0.278907 0.342709 0.176563 0.222917
3 0.292969 0.085417 0.195313 0.120833
3 0.328125 0.575000 0.243750 0.266666
3 0.358594 0.857292 0.254688 0.281250
3 0.484375 0.188542 0.237500 0.177083
3 0.490625 0.047917 0.121874 0.095833
3 0.596094 0.666667 0.276563 0.375000
3 0.575781 0.384375 0.170312 0.331250
3 0.582812 0.964584 0.087500 0.066667
3 0.750000 0.151041 0.262500 0.235417
3 0.769532 0.890625 0.198437 0.214584
3 0.867188 0.313541 0.262501 0.210417
3 0.885938 0.765625 0.225000 0.406250
