4 0.009069 0.084068 0.013133 0.165199
4 0.026579 0.369677 0.030644 0.210720
4 0.040025 0.085903 0.016260 0.171806
4 0.055972 0.670338 0.029393 0.243759
4 0.059412 0.293319 0.026266 0.178414
4 0.074109 0.071219 0.029394 0.142438
4 0.090056 0.716593 0.017511 0.306902
4 0.099125 0.309104 0.020637 0.192364
4 0.112883 0.082232 0.024390 0.164464
4 0.117261 0.709618 0.021889 0.292952
4 0.133208 0.328561 0.025016 0.262114
4 0.146654 0.087372 0.021888 0.174743
4 0.163227 0.695668 0.023764 0.300294
4 0.169168 0.332599 0.023140 0.274596
4 0.184491 0.084068 0.027517 0.168135
4 0.200750 0.694934 0.027517 0.309104
4 0.205754 0.366373 0.020013 0.317180
4 0.229831 0.739721 0.028142 0.411894
4 0.229831 0.068649 0.019387 0.137298
