Scissors 0.0 483.200256 67.2 692.7997439999999
Scissors 0.0 283.20000000000005 81.599488 428.799744
Scissors 0.0 97.599744 132.800512 211.20000000000002
Scissors 1.600512 35.199743999999995 80.0 142.400256
Scissors 44.8 569.600256 220.8 766.400256
Scissors 62.400512 120.0 217.6 312.0
Scissors 91.199488 337.599744 193.600512 567.999744
Scissors 126.400512 0.0 206.399488 78.399744
Scissors 195.2 177.60000000000002 376.000512 348.800256
Scissors 199.999488 19.200000000000003 400.0 111.99974399999999
Scissors 211.2 339.20025599999997 460.8 543.999744
Scissors 236.8 550.400256 497.600512 766.400256
Scissors 374.4 76.80000000000001 617.6 212.79974400000003
Scissors 440.000512 0.0 564.799488 73.599744
Scissors 468.799488 368.00025600000004 752.0 656.000256
Scissors 502.4 168.0 676.799488 422.40000000000003
Scissors 551.999488 715.2 641.599488 766.400256
Scissors 633.6 25.599744 902.4 206.39999999999998
Scissors 686.400512 601.599744 889.6 766.400256
Scissors 753.599488 159.999744 1022.400512 321.6
Scissors 792.000512 432.0 1022.400512 744.0
